50.184,176.7666,-132.9771,27.222,17.572,-43.0179
176.7666,-146.4705,115.0644,83.5083,-114.0704,131.7904
-132.9771,115.0644,127.27,-44.7412,120.1305,173.9794
27.222,83.5083,-44.7412,144.2025,-5.6938,-179.5542
17.572,-114.0704,120.1305,-5.6938,-36.9658,-186.2528
-43.0179,131.7904,173.9794,-179.5542,-186.2528,-123.3589