8.1402,-5.8022,-7.2376,4.3456,7.9572,-1.8527
-5.8022,1.8756,3.9867,-2.3564,-3.1245,0.7362
-7.2376,3.9867,0.8487,8.9374,4.8756,5.1563
4.3456,-2.3564,8.9374,5.8746,-1.8452,0.3645
7.9572,-3.1245,4.8756,-1.8452,4.3259,2.3846
-1.8527,0.7362,5.1563,0.3645,2.3846,1.9473

